1. 10, 48, 110, 196, 306, ?, 598, 780
2. -18, ?, ?, -1458, 21870, -459270, 12400290, -409209570
3. 1, ?, 2, 6, 1, 0, ?, 4, 2, ?, 1, 7, 0, 6, 6, 8, ?, 6, 2, 7, 3, 0, 6
4. 10, 9, ?, 810, 72900, 59049000
5. 31, 42, 73, 115, 188, ?, ?, ?, 1285
6. -38, -42, ?, -23, ?, 32, 73
7. 74, 65, 95, 74, 42, 57, 83, 00, ?, 30
8. 41, ?, 33, 29, 25
9. 36, 288, ?, 25920, 285120, 3421440
10. 32, ?, 2880, 31680, 380160, ?, 69189120
11. 28, ?, 66, 104, ?, 274, 444, 718
12. -47, -56, ?, -74, -83
13. 14, 24, 38, 78, ?, 16, 27
14. 3, 6, 1, ?, ?, 0, 8, 1, ?, 4, 4, 2, 0, 9, 9, 5, 2
15. 15, 36, 90, 234, 630, 1746, 4950, ?, 41670
16. 3, 2, 7, 2, 3, 2, 0, 7, ?, 0, ?, 1, 8, 2, 7, 1, 8, ?, 3
17. -20, -40, ?, ?, -320, -640, -1280
18. 26, 42, 58, 74, ?, 106
19. 31, ?, 2511, ?, 203391, -1830519, 16474671, -148272039
20. 91, ?, 44, 71, 16, 48, 37, 76, 44
21. 10, ?, 640, 5120, 40960
22. 44, 28, 17, 11, ?, ?, 23, 37
23. 61, 41, 14, ?, 16, 61, 46, 01, 94, ?, 49, 74, 48
24. 30, ?, 4, -12, ?, -50, -72
25. 68, ?, 02, 61, 02, 18, ?, 04, 26, 20, 30, 21, 10, 10, 65, 02
26. 46, 230, ?, 5750, 28750, 143750
27. 29, 36, 43, ?, ?, ?, 71, 78
28. 9, 7, 63, ?, 27783, 12252303
29. 22, ?, 16, -2, -30, ?, -116, -174
30. 16, -1, ?, 55, 128, 231, 364, 527
31. 6, ?, 8, 18, 34, ?, 84, 118
32. -4, -28, -196, ?, -9604, ?, -470596
33. 19, 30, ?, 52, 63
34. 18, ?, ?, -3, ?, -17, -24
35. 41287, 20091, ?, 84416, 89087
36. 7, 20, 27, ?, 61, ?, ?, 136, 265
37. 29, 87, 261, ?, 2349, ?, 21141, 63423
38. 22, ?, ?, 28, ?, 32, 34
39. 36, ?, 2, -15, -32
40. -34, -170, ?, ?, -4080, -4080, 0
41. 45, ?, 2205, 15435, ?, 756315, 5294205
42. 20, -10, -90, -220, ?, -630, -910, -1240
43. 84, 61, ?, 04, 44, 88, 29
44. 15, 61, 263, 1189, 5567, ?, 130103, 640309, 3170927
45. 47, 71, 16, ?, 41, 19, 78
46. 10, 35, 45, 80, ?, ?, 330, ?, 865
47. 40, 13, 53, 66, ?, ?, 304, 489
48. 9, 39, ?, 831, 3993, 19479, 95937, 475311
49. 04, ?, 30, 06, 01, 08, 23, 04, 79, 02
50. 16, -128, 1024, -8192, ?, ?, 4194304
51. 3880, 8585, 0855, ?, 8555
52. 71, 61, 11, ?, 12, 48, 87, 65, 95, 29
53. 49, 35, 21, 7, ?, -21
54. -18, ?, -36, -45, -54
55. 48, 45, ?, ?, 231, 369, ?, 969, 1569
56. 82, 39, 47, 86, 13, ?, 12, 32, 14
57. 28, -112, 448, ?, 7168, -28672, ?, -458752
58. -11, 2, ?, 28, 41
59. 42, ?, 49, 56, ?, ?, 266, 427, 693
60. -9, -19, -29, ?, -49
61. 56, 44, 23, 03, ?, 81, 41, 94, 70, 02
62. 4, 8, ?, 6, 3, 2, 6, 4, ?, 2, 8
63. -7, -56, -448, ?, -28672, -229376
64. 33, 30, 63, 93, 156, ?, 405
65. 328, ?, 597, 118, 138
66. 10, 7, 70, ?, 34300, 16807000
67. 8, ?, 120, 510, 2280, 10590, 50520, 245310
68. 41, 51, ?, 71, 81
69. 36, 49, 62, ?, 88, 101
70. 19, ?, 44, ?, 73, 89, 106
71. 1, 2, 4, ?, 1, 9, 2, 7, 6, ?, 3, 0, 7, ?, 1, 2, 2, 8, 8
72. 35, 16, ?, 77, ?, 220, 363, 588
73. 3, ?, 1, 1, ?, 3, ?, 5, 1, 0, 5, 1, 0, 7, 3, 2, 1
74. 525, 125, ?, 312, 515, 625
75. 35, 36, ?, 38, 39
76. 36, 19, ?, -15, -32
77. 8, 1, 0, 4, 0, ?, 2, 1, ?, 8, ?, 7, 0, 6, 8, 0, 6, 8, 2
78. 2, ?, 12, 72, 864, 62208
79. 44, 11, 220, ?, ?, 22000, 106304, 513216
80. -33, -48, -63, ?, -93
81. 38, 16, 84, 95, 26, 83, 98, 55, 36, ?, 82
82. 2, 1, 8, 1, 2, 1, 0, 8, ?, ?, 2, 9, ?, 8, 9, 1, 2
83. 32, 224, 1792, 16128, ?, 1774080
84. 2, ?, 4, 8, 3, 2, 2, 5, 6, ?, 1, 9, 2
85. 37, ?, 2368, 18944, 151552
86. 8, ?, 80, 143, 224, 323, 440, 575, 728
87. 13, ?, ?, 85, ?, 219, 353, 572, 925
88. 6, 48, 130, 252, ?, 616, 858, 1140
89. 49, 52, ?, 58, 61
90. 3, 4, 5, ?, 7, 8, 9
91. 1, ?, 8, 2, ?, 3, 3, 5, 8, 9, 1, 1, 4, ?, 2, 4, 0
92. -10, 8, 26, ?, 62
93. 10, 5, ?, 250, 12500, 3125000
94. 9, 3, 6, 4, ?, 1, 7, 6, 1, 8, 4, 7, 3, ?, 7, ?, 4
95. 5, 2, ?, 20, 200, 4000
96. 48, 56, ?, 72, 80
97. 5, ?, ?, ?, -71, -90, -109
98. 45, 02, ?, 61, 00, 21, 08, 00
99. 18, 37, 44, 83, 96, ?, 09
100. -46, 322, ?, 15778, ?, 773122, -5411854
101. 25, 10, ?, 45, ?, 125, ?, 330, 535
102. 41, 24, 7, -10, -27, ?, ?, -78
103. 4, 2, 4, 1, 2, 0, 4, 8, ?, ?, 4, 0, 0, 9, ?, 0, 0
104. 1, 7, 13, ?, 25, ?, ?, 43
105. 34, 306, ?, 24786, 223074
106. 1, ?, 34, 67, ?, 168, 269, ?, 706
107. 10, ?, ?, 60, 1800, 3600, 6480000, 12960000
108. 45, 270, 1620, ?, 58320
109. 12, 28, 44, ?, 76
110. 353, 419, 738, ?, 244, 638, 677, 120, 291
111. 3, 6, 1, 8, 7, 2, 3, 6, 0, ?, 4, ?, 0
112. 4, 0, ?, 52, 108, 184, 280, 396, 532
113. 44, 88, ?, 352, 704
114. 35, ?, 875, -4375, 21875, -109375
115. 2201, ?, 1451, 4501, 4451, 4450
116. 7, 2, 2, 3, 7, 5, ?, 6, 7, 8, ?, 9, 7
117. 4, 6, 24, ?, 816, 826
118. 48, 47, 46, 45, ?, 43
119. 43, 26, ?, -8, -25
120. 10, 3, ?, 90, 2700, 243000
121. 26, 52, 104, 208, ?, ?, 1664, 3328
122. 54, 72, ?, 26, 90, 27, 50, 38, ?, 43, 99, 02
123. 15, ?, 60, 120, 240
124. 38, 27, 16, ?, -6
125. -20, ?, 8, ?, 36, 50, 64
126. -33, ?, -297, -891, -2673
127. 224, 488, 176, ?, 704
128. 30, 60, 120, 240, ?, ?, 1920
129. 3, 9, 27, ?, 6561, 1594323
130. 3, 1, 0, ?, ?, 9, 7, 8, 7, ?, 8, 8, 0, 7, 9, 2, 0
131. 35, 36, ?, 107, 178, ?, 463, 748
132. -5, -20, -80, ?, -1280
133. 10, 60, 150, 280, 450, ?, 910, 1200, 1530
134. 1, 0, 3, 0, 1, 2, 0, 6, ?, 0, 2, 4, ?, 0, 1, 2, ?, 0, 0
135. 47, ?, 705, 4935, 44415, 488565
136. 33, 231, 1848, ?, ?, 1829520, 21954240, 285405120
137. 72, ?, ?, 27, 18, 83, 42, 11, 50, 29, 88, 74, 63
138. 4, ?, 16, 64, 1024, 65536
139. 13, ?, 728, 4368, 21840, 87360
140. 48, ?, ?, 140, 234, 374, 608, ?, 1590
141. 2, ?, ?, 8, 1, 4, 6, 2, 6, 3, 0, 3, 8, 3, 9, ?, 2
142. 19, 57, ?, 19, 77, 81, 55, 55
143. 41, 97, 12, 63, ?, 29, 12
144. -18, ?, -1152, ?, ?, -589824, -4718592
145. 26, 13, 0, ?, -26, -39
146. 29, ?, 61, ?, 93, ?, 125
147. 11, ?, ?, 704, 2816, ?, 45056, 180224
148. 1, 1, 6, 3, ?, 4, 3, ?, 5, 6, 6, 7, 6
149. 14, ?, ?, ?, 34, 39, 44
150. 1, ?, 37, 55, 73, ?, 109
151. 7, 1, 2, ?, 0, ?, 5, 3, 2, 5, 3, 3, 0, 1, 6, ?, 0
152. 37, 333, 2997, ?, 242757
153. 7, 5, ?, 175, 6125, 1071875
154. 9, 4, 2, 7, ?, 1, 0, ?, 1, 4, 1, 1, 7, ?, 2, 0, 7
155. 9, 4, 0, 7, ?, 1, 0, 5, ?, ?, 9, 1, 7, 4, 2, 1, 0
156. 9, 5, 4, 5, ?, 2, 5, 1, ?, 1, 2, 5, 2, 2, 7, 8, 1, ?, 5
157. 3, 7, ?, 29, 609, 617
158. 16, 18, 34, ?, ?, ?, 224, 362, 586
159. 1, 3, 5, 6, 9, 1, ?, 3, 1, 3, 7, 1, 7, ?, 2, ?, 5
160. 11, 6, 17, ?, ?, 340, 425, 1700
161. 464, 341, 627, 533, 343, ?, 260, 617, 452
162. 13, 19, 17, 7, ?, ?, -71
163. 19, 95, 380, ?, 2280, ?, 0, 0
164. 23, ?, -19, -49, ?, -127, -175
165. 43, 57, 90, ?, 74, 42, 34, 19
166. 32, ?, 0, -28, -64, -108, ?, -220
167. 30, 44, ?, 72, 86, 100
168. 634, 423, 192, 626, 442, ?, 691
169. 45, 64, 83, ?, 121, 140
170. 8, -5, -48, -121, -224, -357, ?, -713, -936
171. 9, 4, 36, 144, ?, 746496
172. -38, ?, -44, -47, -50, -53
173. 2, 4, ?, 32, 256, 8192
174. 27, 74, 25, 82, 86, 27, 60, 64, ?, ?, 58, 88
175. 91, 67, 03, 14, 12, ?, 68, 14, 49, 65
176. 413, 374, 107, ?, 288, 469
177. 17, 69, 297, 1341, ?, 30069, 146457, 720621
178. 4, -8, ?, -80, -140, -216, -308, -416
179. 223, 288, 295, 332, 282, ?, 125, 988, 865
180. 119, 199, 980, 701, 118, ?, 604, 971
181. 525, 199, 589, ?, 439
182. 7, ?, ?, 2, 7, 3, 7, 4, 7, 5, 7, 6, 7
183. 29, ?, 33, 35, 37, 39, ?, 43
184. 19, ?, 55, ?, 91, 109, 127
185. 8, 4, ?, 128, 4096, 524288
186. 23, -184, 1472, ?, 94208
187. 18, 23, 36, ?, 62, 17, 43
188. 14, 26, 94, 16, ?, 14, 46, 42
189. 14, 49, 175, 637, ?, 8869, 33775, 129997, 504679
190. 49, 54, 59, 64, ?, 74
191. 30, 13, ?, -21, -38
192. 9, 5, 0, 9, 1, 1, ?, 2, ?, 7, ?, 2, 1, 4, 2, 5, 5
193. 34, ?, ?, -14, -48, -91, -143
194. 8, 2, 16, ?, 512, 16384
195. 37, ?, 93, 11, 91, 41, 17, 57
196. 23, 20, 17, ?, 11
197. 4, -2, ?, -14, -20
198. 37397, 61151, 91306, ?, 31300
199. 48, -384, 3072, ?, 196608, -1572864
200. 9, 13, 17, ?, 25, 29
201. 30, 28, ?, 86, 144, 230, 374
202. 3, 6, ?, 108, 1944, 209952
203. 253, 101, 062, ?, 540, 063, 272, 061
204. 191, 614, 415, ?, 591, 366
205. 501, ?, 501, 350, 405, 012, 150
206. 16, 33, 49, ?, 131, ?, 344, ?, 901
207. 9, 3, 5, 6, 1, 8, 7, 1, ?, 3, ?, 3, 9
208. 27, 189, 1323, ?, ?, ?, 3176523
209. 1, 3, 4, 1, 7, 2, 1, 3, 8, ?, ?, 9, 7
210. 4, 9, 36, ?, 11664, 3779136
211. -4, -20, -120, ?, -6720, -60480
212. 42, ?, 2352, 21168, 211680, 2328480
213. 1, 0, 3, 0, ?, 2, 0, 6, ?, 0, 2, 4, ?, 0, 1, 2, 0, 0, 0
214. 47, 36, 83, 119, ?, ?, 523, 844
215. 19, 1, -21, ?, -77, -111, ?, -191
216. 23, 76, 12, 46, 43, ?, 61, 41, 25
217. 10, 35, 45, ?, 93, 96, 189
218. 14, 20, 34, 54, ?, 142, ?, 372
219. 4, -28, 196, -1372, ?, -67228
220. 5, 4, 1, 7, 6, ?, 1, ?, 1, 4, 3, 1, 7, ?, 2, 0, 6
221. 34, 26, 60, ?, ?, 232, 378, 610
222. 4, 1, 6, 2, 8, 4, 0, ?, 2, ?, 4, 7, 6
223. 3, 6, ?, 24, 48
224. 634, 423, 192, ?, 442, 632, 691
225. 8, 1, 1, 1, ?, 2, 0, 2, ?, 3, 3, 4, 1
226. 34, 42, 31, 82, ?, 27, ?, 26, 07, 25, 61, 04
227. 6, 5, 1, ?, 7, 1, 4, ?, 1, 9, ?, 2, 4, 1, 2, 9, 1
228. 183, ?, 144, 288, 576
229. 37, 43, ?, 31, ?, -13, -47
230. -24, ?, 4, ?, 32, 46, 60, 74
231. 2, -16, 128, ?, 8192, ?, 524288
232. 49, 46, 43, ?, 37, 34
233. 38, 76, 152, 304, ?, ?, 2432, 4864
234. 16, 32, ?, 12, 62, 31, 32, 69
235. 95025, 51280, 64053, ?, 60155
236. 1, -10, ?, -32, -43
237. 27, 108, ?, 1728, 6912, 27648, ?, 442368
238. 21, 36, 51, ?, 81, ?, 111, 126
239. 5, 36, ?, 77, 118, 195, 313
240. 30, ?, ?, 10290, 72030, 504210, 3529470
241. 25, 91, 74, ?, 42, 42, 30
242. 8, 4, ?, 128, 4096, 524288
243. 10, 10, 100, ?, 10600, 10606
244. 84, 23, 63, 41, ?, 84, 95, 52, 69
245. 181, ?, 813, 610, 881, 096
246. 3, 21, ?, 57, 75
247. 21, 50, 18, ?, 82, 56, 09, 11, 89
248. 9, 4, ?, ?, 4, 9, 1, 2, 4, 9, 6, 2, 4, ?, 3, 1, 2, 4, 9, 1, 5, ?, ?, 4, 9, 7, 8, 1, 2, ?, 9
249. 5, 1, 5, 4, 5, 5, 5, ?, ?, 5, 1, 7, 5, ?, 2, 5, 5, 3, 5
250. 3, ?, 15, 30, 450, 900, 405000
251. 38, -342, ?, -27702, 249318
252. 31, ?, -3, -20, -37, -54
253. 44, 308, 2464, ?, 221760, ?, 29272320
254. 13, 49, 62, ?, ?, 284, 457, ?, 1198
255. 25, 50, 100, 200, ?, ?, 1600
256. 1, 6, ?, 4, 2, 4, 3, ?, 5, 8, 2, 5, 9
257. 37, ?, 2997, 26973, 242757
258. 11, 88, ?, ?, 45056, 360448, 2883584, 23068672
259. 919, 384, ?, 106, 212, 222
260. 696, 636, 783, 326, ?, 931, 659, 938, 697
261. 142, ?, 112, 224, 448
262. -25, ?, 11, 29, 47
263. 1, 1, 5, 2, 9, ?, 3, 5, 7, 7, ?, 8, 5
264. 72, 71, 73, ?, 51, 37, 71
265. 10, 8, 80, ?, 51200, 32768000
266. 24, -216, 1944, ?, ?, -1417176, 12754584, -114791256
267. 11, ?, 39, 53, 67
268. 23, 61, 81, 08, ?, 44
269. 5, 2, ?, 20, 200, 4000
270. 29, ?, 261, ?, ?, 7047, 21141, 63423
271. 247, 221, ?, 819, 445, 832
272. 4, ?, 1, 0, 1, ?, 4, 5, 5, ?, 2, 1, 7, 8, 8, 1, 9, ?, ?, 1, 1, 0, 4, 1, 1, 7, 8, 8, 2
273. 12, ?, ?, 6144, 49152, 393216, 3145728
274. 9, -10, ?, ?, -67, -86, ?, -124
275. 42, 01, 43, 44, ?, 21, 22, 00, 23, 52, 22
276. -19, -76, ?, -1216, -4864, -19456
277. 8, 3, ?, 2, 3, ?, 2, 8, 3, 3, 3, 2, 3, 2, ?, 1, 2, 9, 2
278. 42, ?, ?, ?, 18, 12, 6
279. 016, ?, 401, 401, 010, 144, 440, 010, 444
280. 195, 717, 151, ?, 394, 617
281. 1, 1, 4, 2, ?, 4, 0, ?, 3, 6, 6, 7, 9
282. 3, 8, ?, 4, 1, ?, 2, 4, 6, ?, 8, 8, 8, 4, 7, 3, 6
283. 7, 8, 56, 448, ?, 11239424
284. 2, 11, 22, ?, 5324, 1288408
285. 20, ?, 36, 44, 52, 60
286. 34, 33, 32, ?, 30
287. 9, 10, 90, 900, ?, 72900000
288. 32, ?, 128, ?, 512, 1024, 2048, 4096
289. 10, 1, 12, ?, 27, 42, ?, 113
290. 16, 63, ?, 247, 384, 551, 748, 975, 1232
291. 9, 3, ?, 1, 4, ?, ?, 7, 6, 2, 3, 0, 4, 9, 2, 1, 6
292. 7, ?, 10, 13, 23, 36, 59
293. 5, ?, 24, 43, 74, ?, 205, 336
294. 10, 10, 100, ?, 10100, 10101
295. -46, ?, -2576, -23184, ?, -2550240, -30602880
296. 33, -231, ?, -11319, 79233
297. 13, 29, 67, ?, 403, 1049, 2827, 7841, 22243
298. 3, ?, -9, -24, -45, ?, -105, -144
299. 10, -80, ?, -5120, ?, ?, 2621440
300. 13, ?, 277, 1331, 6493, 31979, 158437, 787811
301. 8, 10, 80, ?, 64000, 51200000
302. 3, 6, 1, 0, 4, 6, ?, 6, 1, 0, 2, ?, ?, 8, 2, 6, 0
303. 13, 22, 31, ?, 49
304. 8, 4, 32, ?, 4096, 524288
305. 1, 0, 2, 0, 6, 0, 2, 4, 0, 1, 2, 0, 0, ?, ?, ?, 0
306. 2, ?, 14, 98, 1372, 134456
307. 24, 35, ?, 57, ?, 79, 90
308. 8, 10, ?, 833, 69142, 57595289
309. 4, 1, 1, 1, 9, 2, ?, 3, 8, ?, 9, 6, 1
310. 8, 0, -32, -88, -168, -272, -400, ?, -728
311. 8223, ?, 2036, 0480, 1440
312. -12, ?, -588, -4116, -28812
313. 4, 8, ?, 32, 64
314. 21, ?, ?, ?, 13125, -65625, 328125
315. 8, ?, 20, ?, ?, 38, 44, 50
316. 10, -90, 810, ?, 65610, ?, ?, -47829690
317. 4, 36, ?, 196, 324, 484, 676, 900
318. -39, -234, ?, -4680, -14040, -28080, ?, 0
319. 15, 0, 15, 60, 135, 240, 375, ?, 735
320. 234, 383, 340, 201, 084, 842, ?, 888
321. 9, ?, 36, ?, 144, 288, 576
322. 17, ?, 36, 62, 74, 10, 04
323. 42, 84, 168, 336, ?, ?, 2688, 5376
324. 47, ?, 62, 77, ?, 216, 355, 571
325. -20, ?, -320, -1280, ?, -20480, -81920
326. 3, 1, 2, ?, 2, 8, 8, 9, 8, ?, 9, ?, 4, 0, 2, 1, 6, 0, 8
327. 47, ?, 33, 38, 51, ?, 101
328. 30, ?, 1260, 10080, 90720, 907200
329. 5, 5, 25, ?, 3125, 390625
330. 2, 4, ?, 32, 256, 8192
331. 72, ?, 89, 31, 27, 31, 44, 65
332. 22, 11, 50, 05, 72, 05, ?, 57, 60, 78, 05
333. 44, ?, ?, 80, 104, 134, 170
334. 48, 384, 2688, 16128, ?, 322560
335. 632, 831, 444, 631, 142, 161, 732, ?, 461
336. 47, 66, ?, 104, 123
337. 16, 38, 94, 242, ?, 1778, 5014, 14402, 41926
338. -18, ?, 3, ?, -4, -18, -39
339. 024, 142, ?, 642, 602, 342, 021
340. 79, 52, ?, 03, 42, 51, 21, 60, 40, 08
341. 3, 2, 4, 2, ?, 2, 1, 6, ?, 1, 9, ?, 7, 5, 2, 1, 7, 5, 5
342. 22, 154, 1078, 7546, ?, ?, 2588278, 18117946
343. 2, 10, 18, ?, ?, 42, 50
344. -16, -15, ?, -13, ?, -11, -10
345. 7, 1, ?, 7, 0, 7, 7, 3, 8, ?, 3, 9, ?, 1, 9, 6, 0
346. 61, ?, 52, 16, 20, 44, 90, 16, 36, 48
347. 20, 7, ?, ?, ?, -45, -58, -71
348. 10330, ?, 00144, 00518, 40000
349. 33, -264, 2112, ?, 135168, ?, 8650752, -69206016
350. 5, 9, 45, ?, 18225, 7381125
351. 5, ?, 52, 99, ?, ?, 401, 651, 1052
352. 3, 7, 21, ?, 567, 573
353. 9, -63, ?, ?, 21609, -151263, 1058841, -7411887
354. -34, -22, -12, ?, ?, 6, 8
355. 11, 2, 13, ?, 28, 43, 71
356. 3, ?, 1, 1, ?, 3, ?, 5, 1, 0, 5, 1, 0, 7, 3, 2, 1
357. 31, -279, 2511, -22599, ?, -1830519
358. 233, 279, 376, 042, 275, ?, 131, 849, 716
359. 32, 12, 44, 56, 100, ?, 256
360. 39, ?, 156, 312, 624, 1248, ?, 4992
361. 3, 5, 1, ?, 5, 4, 5, 6, 1, 1, 0, ?, 1, ?, 2, 2, 2, 2, ?, 4, 4, 4, 6
362. 38, 342, 3078, ?, 249318, 2243862
363. 1, 1, 4, ?, 1, 7, 6, ?, 0, 4, 2, 8, 1, 6, 1, 1, ?, 6, 4
364. 28, ?, 23, 15, 12, 36, 48
365. 5, 20, ?, 33, 58, ?, 124, 132
366. 7, 5, 35, 175, ?, 1071875
367. 2545, 4843, ?, 3915
368. 114, 011, ?, 711, 110, 177, 771, 110, 777
369. 65, 45, ?, 94, 45, 69, 44, 46
370. 18, 32, ?, 60, 74, 88
371. 34, 40, 46, ?, 58
372. 19, ?, -1, ?, -37, -61, -89
373. 25, 24, 23, 22, ?, 20
374. 7, 35, 175, ?, 4375
375. 49, 68, ?, 106, 125
376. 14, -3, -20, ?, -54, -71
377. 424, ?, 165, 985, 984, 505, 007
378. 14, 42, 126, ?, ?, ?, 10206, 30618
379. 8, 4, 5, 8, 2, 1, 1, ?, ?, ?, 6, 1, 9, 3, 2, 3, 0
380. 20, 19, ?, 17, 16, 15
381. 12, 42, 90, 156, ?, 342, 462, 600
382. -46, ?, -184, -368, -736
383. -4, -7, ?, -13, -16
384. 13, 98, 43, ?, 32, 34, 11, 17, 58, 58, 39
385. 41, 96, ?, 33, 71, 25, 61
386. -1, -3, ?, ?, -81, -243, -729, -2187
387. 50, 19, ?, ?, 173, 273, ?, 727, 1181
388. 8, 3, 24, 72, ?, 124416
389. -19, ?, -76, -152, -304, ?, -1216
390. 9, ?, 225, 1125, 5625, 28125
391. 18, 90, 450, ?, 11250, 56250, 281250, 1406250, 7031250
392. 56, 44, 23, 03, 42, 81, 41, 94, ?, 02
393. 48, 59, 70, 81, ?, ?, 114
394. 3, 11, 33, 363, ?, 4348377
395. 36, 108, ?, 972, 2916
396. 19, 35, 51, ?, 83, 99
397. -36, ?, ?, -2304, -9216, ?, -147456, -589824
398. 19, 10, -7, ?, ?, -106, -155
399. 22, 41, ?, 79, 98, 17, 61
400. 33, ?, 132, 264, 528, 1056
401. 39, ?, 1911, ?, ?, 655473, 4588311
402. 44, -308, ?, -15092, 105644, -739508
403. 49, ?, ?, 88, ?, 114, 127
404. 28, ?, -10, -44, -88, ?, -206, -280
405. 9, 8, ?, 576, 41472, 23887872
406. -7, 42, ?, 1512, -9072
407. 44, 88, ?, 352, ?, 1408, 2816
408. 425, 466, 788, ?, 130
409. 8, 1, ?, 7, ?, 7, ?, 3, 8, 0, 3, 8, 6, 1, 9, 3, 0
410. 28, 27, 26, ?, 24
411. 8, 3, 24, 30, ?, 726
412. 8, 4, 3, 2, 1, ?, 8, 4, 0, 9, 6, ?, 2, 4, ?, 8, 8
413. 4, 8, 9, 6, 1, ?, 2, 3, 8, 4, 7, 6, ?, 1, ?, 3, 6
414. 2, 4, 8, 2, 3, 2, 9, 6, 8, ?, 9, ?, ?, 1, 5, 6, 8, 8, 6, ?, 7, 9, 2
415. 49, ?, 196, 392, 784, 1568
416. 4, 2, 0, 2, 9, ?, 4, 5, 1, 5, ?, 7, 7, 0, ?, 7, 9
417. 36, ?, 86, 11, 60, 31, 11, 65
418. -39, -46, -53, ?, -67, -74
419. 9, 72, ?, ?, 36864, ?, 2359296
420. -8, ?, -32, ?, -128, -256, -512
421. 62, ?, 13, 15, 61, 57
422. 23, 15, 17, ?, ?, 83, 125
423. 37, 30, ?, 16, 9
424. 44, 82, ?, 81, 51, 16, 49
425. 47, 48, 49, ?, 51
426. 5, ?, 20, ?, 1600, 6400, 10240000, 40960000
427. 369, 144, 803, 127, ?, 151, 362
428. 17, 16, 44, 51, 13, ?, 17, 83, 16, 42, 47
429. 47, ?, 3, ?, -65, -108, -157
430. 18, ?, -4, -15, -26
431. 46, -322, 2254, -15778, ?, -773122
432. 17, ?, ?, 8568, 51408, 257040, 1028160
433. -42, 168, -672, 2688, ?, 43008
434. 22, 1, ?, 24, ?, 71, 118, ?, 307
435. 43, ?, ?, ?, 103243, 722701, 5058907
436. 34, -136, ?, -2176, 8704
437. -43, -35, ?, -19, -11, -3
438. 7, 26, ?, 64, 83, 102
439. 1, -8, 64, ?, 4096, ?, 262144
440. 31, 43, 62, 88, ?, ?, 208
441. 1, ?, 25, ?, ?, 61, 73
442. 9, ?, 6, 2, 3, ?, 0, 3, 7, 4, 4
443. 37, 21, ?, -11, -27, -43
444. 17, 46, 58, 17, 17, ?, 50, 04
445. 40, ?, ?, 52, 56, ?, 64
446. 36, 45, 81, ?, 207, ?, 540, ?, 1413
447. 21, 50, 18, 43, 82, ?, 09, 11, 89, 42, 41
448. 313, 887, 258, ?, 238, 382, 832
449. 6, 3, 5, 6, 3, ?, 0, 1, ?, 6, 1, 4, 1
450. 2, ?, 18, 162, 2916, 472392
451. 24, ?, ?, 3000, 15000, ?, 375000
452. 46, ?, ?, 50, 98, 148, ?, 394, 640
453. 65, ?, 91, 75, 85, 71, 14, 57
454. 9, ?, 27, ?, 72, 117, 189, 306
455. 48, 384, 3072, 24576, ?, ?, 12582912
456. 111, 766, 546, 646, 726, ?, 608
457. 13, -3, -19, ?, -51
458. 17, 34, 68, ?, 272, 544
459. 32, 29, ?, 23, 20, 17, ?, 11
460. 25, ?, -13, ?, -43, -55, -65
461. 4, ?, 32, 256, 8192, 2097152
462. 48, 29, ?, -9, -28, -47
463. 7218, ?, 1680, 8400
464. 5, 4, 20, 80, ?, 128000
465. 41, 82, 13, ?, 61, 25, 60
466. 8322, ?, 9337, 2365, 1460
467. -23, -12, ?, ?, ?, 32, 43
468. 27, ?, ?, 13824, 110592, 884736, ?, 56623104
469. 48, 99, ?, 13, 71, 22, 31
470. 21, 22, 43, 65, ?, 173, 281
471. 25, 50, ?, 200, 400, ?, 1600, 3200
472. 50, 400, 3600, ?, 396000, ?, 61776000
473. 3, 9, 1, 9, 5, 9, ?, 5, 4, 8, 7, 5, 2, ?, 3, ?, ?, 1, 2, 1, 8, 7, 5
474. 42, ?, 672, -2688, 10752, ?, 172032
475. 27, 22, 98, 240, ?, 1832, 5016
476. 28, 25, ?, ?, 10, 3, -5, -14
477. 13, 39, 72, 89, 73, 52, 11, ?, 33
478. 2, 3, 9, 7, 7, 1, 1, ?, ?, ?, 6, 1, 9, 7, 2, 3, 9
479. 15, 75, 375, ?, 9375
480. 20, 120, ?, 4320, 25920, 155520
481. 9, ?, 441, 3087, 21609
482. 17, 35, 52, ?, 260, ?, 1300, 5200
483. 2, ?, 32, 47, 62
484. 9, ?, -23, -39, -55, ?, ?, -103
485. 30, 32, ?, 45, 56, ?, 87
486. -19, -39, -59, -79, ?, -119
487. 25, ?, 21, 19, 17, 15, ?, 11
488. 27, 108, ?, ?, 6912, 27648, 110592
489. -7, ?, -53, -91, ?, -197, -265
490. 15, 90, 630, ?, ?, 453600, 4989600
491. 8, 4, 0, 1, ?, 8, 6, 8, 0, 2, 7, 2, 8, 1, ?, ?, 2, 0, 4, 3, ?, 8, 8, 1, 7, 4, 7, ?, 0
492. 3219, 2115, ?, 2414, 7224, 8832
493. 510, ?, 206, 002, 400
494. 22, 26, 30, 34, ?, 42
495. 19, ?, 931, 6517, 45619
496. -47, ?, -188, -376, -752
497. 48, 70, ?, 40, 31, 16, 86
498. -49, -50, -51, ?, -53
499. 3, ?, -12, -15, -15, ?, -6
500. 193, ?, 242, 694, 899, 934, 639
501. 11, 8, ?, ?, 46, 73, ?, 192, 311
502. 1, 2, 6, 5, ?, 7, 6, 1, ?, 1, 1, 2, 6
503. 6, 8, ?, 50, 2400, 2402
504. 372, 921, 161, ?, 292, 805
505. 38, 152, 608, ?, 9728
506. 2, ?, 8, 11, ?, ?, 20, 23
507. 47, 423, ?, 46530, 558360, 7258680
508. 43, 71, ?, 71, 51, 15, 39
509. 8, 11, ?, 968, 85184, 82458112
510. 35, 33, 31, ?, 27, ?, 23
511. 9, 2, ?, 3, 1, ?, 2, 5, 3, 6, 4, 7, 5
512. 163, ?, 612, 967, 776
513. 01, 08, 46, 50, 21, 40, 90, 06, ?, 67, 08
514. 816, ?, 929, 603, 840
515. 2, ?, 8, 32, 256, 8192, 2097152
516. 17, ?, ?, 69, 112, 181, 293, 474
517. 21, ?, 84, 168, 336
518. 38, 380, 3420, ?, ?, 1149120, 5745600
519. -24, -48, -96, -192, -384, ?, ?, -3072
520. 42, 64, 76, ?, 61, 04
521. 10, 5, ?, 100, 5000, 10000, 50000000
522. 10, 11, 110, 1210, ?, 161051000
523. 22, 11, ?, -32, ?, -103, -149
524. 13, ?, 637, -4459, 31213, -218491, ?, -10706059
525. -16, -144, -1152, -8064, ?, -241920, ?, -2903040
526. 36, ?, 44, 48, 52, 56
527. 9, 8, 72, ?, 41472, 23887872
528. 8, -64, ?, -4096, 32768
529. 33, ?, 132, 264, 528
530. 19, ?, ?, -59, -105, -161, -227, -303
531. 9, 8, 72, 576, ?, 23887872
532. 17, 34, ?, 136, 272, 544
533. 6, ?, ?, 39, ?, 61, 72, 83
534. 40, 49, 89, 138, ?, ?, 592, 957
535. 14, ?, 588, 4704, 42336, ?, 4656960, 55883520
536. 20, 180, 1620, ?, ?, ?, 10628820
537. 4, 2, 8, 2, 4, 1, ?, 8, 1, 6, 4, ?, 1, 4, 8, 1, ?, ?, 4, 8, 0, 0, 8
538. 3, 3, ?, 27, 243, 6561
539. 2, 1, 8, ?, ?, 1, 2, 6, 1, 2, ?, 1, 0, 9, 8, 1, 0, 9, 4
540. 714, 234, 655, 110, ?, 238
541. 1, 8, ?, 22, 29, 36
542. 21, -168, ?, -10752, 86016, ?, 5505024
543. 1, 5, ?, 1, 0, 1, ?, 1, 1, 1, 0
544. 2, ?, 4, 8, 32, 256, 8192
545. 39, 72, 18, 12, 78, 71, ?, 74
546. 8, ?, 5, 2, ?, 0, 1, ?, 6, 5, 7, 3, 4, 0, 3, 6, 7, ?, ?, 1, 8, 3, 5, 9, 0, 9, 1, 7, ?, 6, 5
547. 8, 56, 336, ?, 6720, ?, 40320
548. 9, 4, 1, 1, 6, 9, 6, 8, 1, 2, 7, ?, 9, 1, 0, ?, 2, 1, ?, ?, 6, 8, 9, 1, 7, 4, ?, 6, 1
549. 273, 269, 863, 981, 144, 515, 125, ?, 614
550. 43, 44, ?, 46, 47
551. 34, ?, 1904, 17136, 171360, ?, 22619520, 294053760
552. -42, ?, -378, -1134, -3402, ?, -30618
553. 9, ?, 26, 43, 69, 112, ?, 293
554. 721, ?, 895, 671, 701
555. 8, ?, ?, 1, 0, 4, 1, 0, 9, 8, 7, 2, 8, 7, 7, 7, ?, 1, 6
556. -41, -38, -35, ?, -29
557. 2, ?, 1, ?, 3, 6, 5, 0, 8, 6, 1, 3, 6, 2, ?, 2, 3, 5, 8
558. 93, 09, 69, 69, ?, 66, 69, 06
559. 46, 65, 84, 103, ?, 141
560. 40, 120, 360, ?, ?, ?, 29160
561. -20, -14, -5, 7, ?, ?, 61
562. 8, ?, 5, 6, 2, 8, ?, 1, 5, 6, 8, 0, 7, 8, ?, 0, 0
563. 40, 22, -2, ?, -68, -110, ?, -212
564. 26, 23, ?, 17, 14, 11
565. 22, 66, 594, ?, ?, 5051970, 166715010
566. 9, ?, -1, ?, -11, -16, -21
567. 9, 4, 36, 144, ?, 746496
568. 31, -186, ?, -6696, 40176, ?, 1446336
569. 42, 294, ?, 14406, ?, 705894, 4941258
570. 453, 873, 121, ?, 023, 915, 938
571. 9726, 8544, 5404, ?, 3163, 4528
572. 23, 115, 690, 4830, ?, ?, 3477600
573. 6, ?, 42, 294, 12348, 3630312
574. 25, 42, 59, ?, 93, 110
575. 1, ?, 26, 51, 77, 128, ?, 333
576. 3, 11, 33, ?, 11979, 4348377
577. 17, -68, 272, -1088, ?, ?, 69632, -278528
578. 37, 39, ?, 43, 45
579. 47, 73, ?, 51, 51, 11, 78
580. 4, 0, -24, -68, -132, -216, ?, -444, -588
581. 21, 84, ?, 1344, 5376, 21504
582. 03, 94, 98, 41, 28, 74, 04, ?, 26
583. 8, 4, 8, 2, 0, 8, 8, 4, 8, 3, 4, ?, 8, ?, ?, ?, 4, 8, 5, 4, 6, 0, 8
584. 21, -147, 1029, ?, 50421, ?, 2470629, -17294403
585. 1, 1, 0, 2, 0, ?, 0, 0, ?, 1, 0, 2, 1, 0, ?, 2, 1, 1, 0
586. 173, 468, ?, 272, 544
587. 8, 6, ?, 288, 13824, 3981312
588. 234, 151, 570, 735, ?, 578, 431, 573
589. 9, 11, 99, ?, 107811, 117406179
590. 48, 87, ?, 52, 61, 24, 30
591. 23, 46, ?, 184, 368, 736
592. 024, ?, 104, 463, 645, 120, 448
593. 14, 38, 116, 392, 1424, 5408, ?, 83072, 329984
594. 124, 477, ?, 116
595. 15, 11, ?, ?, ?, -5, -9, -13
596. 115, 655, 350, 723, ?, 131, 573
597. 2, ?, 1, ?, 4, 8, 5, 2, 2, 0, 8, 2, 1, ?, 8, 4, 8
598. 28, -168, ?, -6048, 36288, -217728
599. 38, 76, 152, 304, ?, 1216
600. 35, ?, 140, 280, ?, 1120, 2240, 4480
601. 5, 8, 40, ?, 12800, 4096000
602. 44, 17, 61, 78, ?, 217, 356
603. 34, 39, ?, 49, 54
604. 23, ?, ?, 184, ?, 736, 1472, 2944
605. 34, 53, ?, ?, 110, 129, ?, 167
606. 8, ?, 88, 92, 8096, 8100
607. 7, 3, 21, ?, 1323, 83349
608. 17, 153, 1530, 16830, ?, 2625480
609. 17, 102, 510, 2040, 6120, ?, ?, 0
610. 35, 9, 44, ?, 97, 150, 247
611. 7, 1, 5, 2, 3, 3, ?, 3, 9, 4, ?, 5, 5
612. 34, 68, ?, 272, ?, 1088, 2176
613. 2, 1, 2, 0, 4, 1, 6, 1, 1, 0, ?, 1, 6, ?, 2, ?, 5, 4, 2, ?, 6, 9, 3
614. 36, 51, 66, ?, 96, 111
615. 37, ?, 48, ?, 107, 166, ?, 439, 712
616. 1636, 4124, 6251, ?, 1511
617. 71, 24, ?, 80, 04, 24, 00
618. 6, ?, 12, 24, 288, 6912
619. 13, ?, 52, 104, 208, 416, 832, 1664
620. 13, 26, 52, 104, ?, 416, 832, 1664
621. 9, -45, 225, ?, 5625, -28125
622. 17, ?, 188, 696, 2672, 10464, 41408, 164736, 657152
623. 38, ?, ?, 4750, 23750, 118750, ?, 2968750
624. 5, 4, 8, 9, ?, 1, 3, 4, 1, 7, 7, ?, 2, ?, 2, 6, 3
625. 14, ?, 224, -896, 3584, ?, 57344
626. 34, 102, 510, ?, 32130, 353430
627. 6, 8, 48, ?, 18432, 7077888
628. 21, 168, ?, 7056, 35280, ?, 423360, 846720
629. 27, 11, 44, 32, 15, ?, 89
630. 47, 22, 01, 48, 40, 02, ?, 86, 00
631. 6749, ?, 0351, 2457
632. 24, ?, -10, -27, -44, -61
633. 14, 70, ?, ?, 1680, 1680, 0
634. 39, ?, 624, 2496, 9984
635. 1, -6, ?, -216, 1296
636. 991, ?, 325, 157, 781, 955, 573
637. 402, ?, 104, 182, 292, 480
638. 59, 64, 30, 06, ?, 26, ?, 26, 02, 12, 23, 21
639. 40, 280, 2240, ?, 201600, 2217600
640. 7, 1, 7, 2, 8, ?, 0, ?, 3, 6, 7
641. 10, ?, 20, 40, 800, 32000
642. 7, 3, 5, 4, 5, 2, 2, ?, ?, 3, ?, 1, 1, 7, 5, 1, 1, 8, ?, 5, 9, 2, 5
643. 91913, 31431, ?, 11707, 77087
644. 210, 202, 004, 000, ?, 000
645. 9, 18, 36, ?, 144, 288, ?, 1152
646. 35, ?, ?, 280, 560, 1120, 2240
647. 21, 63, ?, ?, 72765, 1382535, 31798305
648. 13, ?, 21, 29, ?, 79, 129, 208
649. 9, 5, 4, ?, 7, ?, 4, ?, 3, 4, 5, 2, 0, 7, 0, 2, 0, 7, 3
650. 43, ?, ?, 164, 246, ?, 738, 1476, 2214
651. 4, 18, 23, ?, ?, -16, -47
652. 18, 44, 62, 106, 168, ?, ?, ?, 1158
653. 8, 8, 64, ?, 32768, 16777216
654. 25, ?, ?, -18225, 164025, -1476225, 13286025
655. 7, ?, 28, 56, 1568, ?, 4917248, 9834496
656. 27, 35, ?, 97, 159, 256, 415
657. 42, 336, ?, 30240, 332640, 3991680
658. 9, 27, ?, 243, 729, 2187, 6561, 19683, 59049
659. 39, ?, 53, 67, 120, ?, ?, 494, 801
660. 88, 46, 15, 32, 72, 86, 61, 77, ?, 61
661. 24, 44, 70, ?, ?, 306, 496, 804
662. 115, 655, 350, 723, ?, 131, 573
663. 32, ?, 72, ?, 112, 132, 152
664. 1346, 5969, 1281, ?, 6276
665. 43, 56, 69, ?, 95
666. 415, ?, 625, 620, 019, 167, 580
667. 47, 6, 55, 63, ?, 185, 307
668. 1, 3, ?, 27, 81, ?, 729, 2187
669. 33, ?, 26, 06, 52, 26, 65, ?, 55, 26, 55, 06
670. 9, 63, ?, 4536, 45360, ?, 5987520
671. 28, 47, ?, 85, 104, 123
672. 4, 2, 8, ?, 128, 2048
673. 84321, ?, 54682, 73431, 36718
674. 8, 48, ?, 1728, ?, 62208, 373248
675. 3, ?, 1, 8, 0, 9, 0, 0, ?, ?, 0, 0, ?, 2, 5, 0, 0, 1, 1, 2, 5, 0, 0
676. 9, 4, 36, 144, ?, 746496
677. 19, 6, -15, ?, ?, -126, -179
678. 721, 631, ?, 671, 701
679. 23, ?, 55, ?, 142, 229, ?, 600, 971
680. -31, -124, ?, -1984, -7936, ?, -126976, -507904
681. 23, ?, 24, 25, 49, 74, 123
682. 4, ?, 2, ?, 1, 0, 0, 2, 0, 0, 0, ?, 0, 0, 0, 0, 0
683. 42, ?, 672, -2688, 10752
684. 34, 54, 74, ?, 114, 134
685. 43, ?, 91, 139, 230, ?, 599, 968
686. 6, 24, 96, 384, ?, 6144, ?, 98304
687. 9, 4, 36, 144, ?, 746496
688. 17, 65, 265, ?, 5185, 24305, 116665, 568745
689. 1155, 2751, 3756, ?, 4375
690. 4, 11, ?, 26, 41, ?, ?, 175, 283
691. 20, 120, 600, 2400, ?, 14400
692. 34, 39, 73, 112, 185, ?, ?, 779
693. -7, ?, ?, -3528, -21168, -105840, -423360
694. 5, ?, 30, 180, 5400, 972000
695. 8, 1, ?, 6, 5, 7, 0, 3, 5, 0, 3, 5, 5, 1, ?, ?, 5
696. 12, -18, -98, -228, -408, -638, ?, -1248, -1628
697. 2, 2, 4, 8, ?, 256
698. 12, 48, ?, 768, 3072
699. 412, 347, 147, ?, 739, 644, 478
700. 48, 288, ?, 5760, 17280, ?, 34560, 0
701. 8, 11, ?, 968, 85184, 82458112
702. 11, 24, ?, 50, 63, 76, ?, 102
703. 318, 148, 480, ?, 476
704. 2, 20, ?, 56, 74, 92
705. 04, 48, 58, 16, 40, 61, 20, 46, ?, 64, 88
706. 14, 0, -14, -28, ?, -56
707. 32, 46, 60, ?, 88, 102
708. 25, 100, 400, ?, 6400
709. 5, ?, 1, 0, 2, 0, 2, ?, 0, 4, 0, 0, 0
710. 2, ?, 5, ?, 8, 1, 3, 1, 1, 7, 4, 2, 1, 7, ?, 6, 0
711. -37, ?, -25, -19, ?, ?, -1
712. 619, 746, 821, 924, 111, ?, 171
713. 4, 2, ?, ?, 4, 8, 4, 7, 4, 4, 4, 4, 4, ?, 4, 2, 6, 0, 4
714. 10, 6, 2, ?, -6, -10
715. 61, ?, 87, 58, 15, 50, 71
716. 47, 94, ?, ?, 752, 1504, 3008, 6016
717. 3, ?, 8, 5, ?, 7, 8, 1, 0, 3, 1, 2, 8
718. 5, 47, 52, ?, 151, 250, ?, 651
719. 24, ?, 66, 102, 148, 204, ?, 346
720. 17, 48, 152, ?, 1952, 7488, 29312, 115968, 461312
721. -22, ?, -44, -55, -66
722. 2, 3, ?, 3, 8, 8, 2, 8, ?, 9, ?, 8, 2, 9, 8, ?, 8, 1, 7, 8, 8, 4, 8
723. 31, ?, 67, 85, 103, 121
724. 23, 16, 9, ?, -5, -12
725. 129, ?, 164, 685, 274, 942, 669
726. 8, -6, -32, -70, -120, -182, ?, -342
727. 33, ?, 297, 891, 2673
728. 7, 4, ?, 112, 3136, 12544, 39337984
729. 50, 70, ?, 110, 130
730. 62, 42, ?, 40, 08, 42, 00
731. -26, ?, -34, -38, -42
732. 38, ?, 1368, 8208, 49248
733. 8, 8, 64, 512, ?, 16777216
734. 8, ?, 40, 200, 8000, 1600000
735. 17, 15, 16, 20, ?, ?, 50, 66
736. 13, ?, 468, -2808, 16848
737. 19, 11, 01, 11, 12, 21, 10, 21, 12, ?, 02
738. 218, 727, ?, 646, 720, 206, 467
739. 47, 22, 69, ?, 160, 251, 411
740. 34, 306, ?, 24786, 223074
741. 22, -220, 2200, ?, ?, -2200000, 22000000, -220000000
742. 5, ?, 9, 1, ?, 9, 7, 4, ?, 3, 7, 4, 9, 1, 8, 7, ?, 9, 9, 3, 7, 4, 9, ?, 6, 8, 7, 4, 9
743. -32, -50, ?, -86, -104, -122
744. 3, 8, 7, ?, ?, 5, 2, 3, 0, 4, 6, 0, 8, 1, 2, ?, 6
745. 18, 16, 06, 61, 18, 86, 10, 86, 18, ?, 08
746. 044, 323, 302, 321, 021, ?, 132, 021
747. 10, 6, ?, 381, 24006, 9146289
748. 48, 144, ?, 1296, 3888, ?, 34992
749. 49, 62, ?, 88, ?, ?, 127
750. 9, 3, 9, 1, 5, 9, 6, 3, 9, ?, 5, 5, 9, 1, 0, 2, 3, 9, 4, ?, ?, ?, 9, 1, 6, ?, 8, 3, 9
751. 29, 22, ?, 35, ?, 84, 122, 169
752. 1, 37, 38, 75, 113, ?, 301
753. 46, 32, ?, 4, -10, -24
754. 20, ?, -16, -34, -52, -70
755. 3, -6, ?, -24, -33
756. 7, 1, 3, ?, 9, 4, 5, 1, ?, 5, 1, ?, 1, 4, 2, 3, 4, 2, 9
757. 2, 5, 10, 50, ?, 25000
758. 283, 182, 863, 028, 948, 842, ?, 884
759. -14, ?, -2, 19, 50, 91, ?, 203
760. 3, 8, ?, 192, 4608, 884736
761. 10, 0, 2, 16, ?, 80, 130, 192
762. 43, 54, 62, ?, ?, 68, 64
763. 829, ?, 192, 113, 134
764. 23, ?, 41, 56, 75, ?, 125, 156
765. 5, ?, 21, ?, ?, 45, 53, 61
766. 4, 5, ?, -17, -40, ?, -110
767. 83, 08, 58, 58, 80, 55, 58, 05, ?, 55
768. 37, 51, 56, 52, ?, ?, -14, -54
769. 20, ?, 38, 47, 56
770. 43, ?, 688, 2752, 11008, ?, 176128
771. -13, -4, 5, ?, 23
772. -2, ?, 16, 25, 34
773. 4, ?, 1, 7, 7, 8, 4, 5, 8, ?, ?, 9, 5, 4, 1, 6, 5
774. 12, 72, ?, 1440, 4320, 8640
775. 26, ?, -4, -19, -34
776. 33, 25, 58, 83, 141, ?, 365
777. -32, -35, ?, -41, -44, -47
778. 33, 40, ?, 54, 61, 68
779. 52, 10, 12, 12, ?, 22
780. 5, 20, ?, 320, 1280, 5120
781. 01, 44, 10, 06, 46, 00, 52, ?, 10, 36, ?, 00, 00
782. 31, 10, 71, 73, 18, 61, 31, 15, ?, 50, 75
783. 23, 207, 1656, 11592, ?, 347760
784. 25, 0, 5, 40, ?, 200, 325, 480
785. 1, ?, -37, -56, -75
786. 6, 1, 1, 8, 8, 9, 3, ?, 4, 4, 7, 4, 9, ?, 9, ?, 2
787. 29, 40, 51, ?, 73
788. -44, ?, -68, -80, ?, -104, -116, -128
789. 16, 128, 896, ?, 26880, 107520
790. 8, ?, 64, 512, 32768, 16777216
791. 68, 46, 41, 52, ?, 51, 30, ?, 10, 89, 45, 21, 60
792. 18, ?, 24, 27, 30, ?, 36
793. 37, 185, ?, ?, 4440, 4440, 0
794. 12, 9, 6, ?, 0
795. 5756, ?, 4466, 3728, 3730
796. 43, 20, ?, ?, ?, 1260, 1575, 6300, 7875
797. 49, 98, 196, ?, ?, 1568, 3136
798. 3, 12, ?, 192, ?, 3072, 12288
799. 38, ?, 1596, ?, 31920, 95760, 191520
800. 15, ?, 960, -7680, 61440, ?, 3932160
801. 9, 2, 2, 4, 8, 1, 0, 0, ?, 0, 4, ?, 1, 2, 8, ?, 8
802. 8, 4, 32, ?, 4096, 524288
803. 30477, ?, 01325, 52685, 11377
804. 21, ?, 189, 567, 1701
805. 93, 63, ?, 70, 02, 63, 00
806. 46, 28, ?, -8, -26
807. 20, -1, 18, ?, 176, 315, 494, 713
808. -15, -120, -960, -7680, ?, -491520
809. 6, 1, 0, 6, 0, 1, ?, ?, 7, 2, 0, 0, 1, 4, ?, 0, 0
810. 48, ?, 3456, 24192, 145152, 725760
811. 3, 9, 9, ?, ?, -135, 945, -8505
812. 18, 108, ?, 3888, 23328, 139968
813. 4, 4, 16, 80, 1280, ?, 8192000
814. 4, 8, 9, 6, 1, 9, 2, ?, 8, ?, ?, 6, 8, 1, 5, 3, 6
815. 015, 505, ?, 005, 210, 005, 000
816. 014, 001, 601, 601, 010, 166, ?, 010, 666
817. 14, ?, 56, 112, 224
818. 9, 5, 3, 9, 7, 1, 4, 1, 1, 8, 5, 2, ?, 9, ?, ?, 3
819. 5, 4, ?, 80, 1600, 128000
820. 37, ?, 69, 101, 170, 271, 441
821. 41, 81, 12, 42, ?, 27, 11
822. 293, ?, 172, 179, 716
823. 8, 16, ?, 48, 72, ?, ?, 432, 648
824. 38, 53, 88, 13, 80, ?, 13, 85
825. 41, ?, 27, 20, 13, 6
826. 10, ?, 810, -7290, 65610, -590490
827. 4, 8, ?, 256, 8192, 2097152
828. 827, ?, 584, 103, 122
829. 01, 13, 13, 26, ?, 75, 14, 91
830. 33, 38, 50, 69, ?, ?, 168
831. 11, ?, 44, 88, 176
832. 6, 2, 1, 2, 2, 4, 2, ?, 8, ?, 9, 1, 2
833. 7, ?, 448, 3584, 28672
834. 19, ?, 50, 67, ?, 104, 124, 145
835. 291, 826, ?, 476
836. 48, ?, 768, 3072, ?, 49152, 196608
837. 8, 1, 6, 3, 2, 6, ?, ?, 2, 8, 2, 5, 6
838. 34, ?, 78
839. 11, 33, 99, ?, 891
840. 8, 18, 28, ?, 48, 58
841. 22, ?, 50, 64, 78
842. -9, -81, ?, -6561, -59049
843. 48, 384, ?, 24576, 196608, 1572864
844. 9, ?, 90, 900, 81000, 72900000
845. 22, 58, 84, 10, 60, ?, 12, 85
846. 325, 476, ?, 113, 135
847. 16, ?, 64, 128, 256
848. 7, ?, 2, ?, 0, 2, 4, 0, 2, 3, 8, 1, 4, 2, 8, 1, ?, 2, 6, 8, ?, 5, 6
849. 33, 264, 2376, 23760, ?, ?, 40772160
850. 16, ?, ?, ?, 143, 233, 376, 609, 985
851. 10, 0, 30, ?, 210, 360, 550, 780
852. 8, 36, 84, ?, 240, 348, 476, 624, 792
853. 811, 889, 886, ?, 634
854. 7, 2, ?, 28, 392, 10976
855. 015, ?, 725, 825, 410, 100, 504
856. 8, 1, 6, 3, 2, 6, ?, 1, ?, 8, 2, 5, 6
857. 33, 66, 132, ?, 528, 1056, 2112
858. 6, ?, -3, 6, 24, ?, 87
859. 26, 42, 58, 74, ?, 106
860. 38, 304, ?, 19456, ?, 1245184, 9961472
861. 153, 363, 377, 011, ?, 392, 674
862. 8, 41, 49, 90, ?, 229, 368
863. 8, ?, 80, 90, 7200, 7210
864. 6, 2, 0, ?, 3, 4, 5, 5, 6, ?, 6, 7, 5
865. 40, 4, ?, ?, 92, 140, 232, 372
866. 34, 52, 18, ?, 98, 82, ?, 75, 82, 33, 34, 86
867. 16, 160, 1600, ?, 160000
868. 5, -15, -35, ?, -75
869. 10, ?, 90, 270, 810, 2430, 7290, 21870
870. 264, ?, 656, 399, 956, 616, 753, 696
871. 38, ?, 70, 86, 102, 118
872. 32, 9, ?, 54, 99, 155, 256
873. 50, 32, 14, -4, ?, -40
874. 4, ?, 8, 9, 2, ?, 3, 6, 1, 8, 0, 2, 2, ?, 2, 6, 8
875. 9981, 7295, 9049, ?, 6721
876. 42, 41, ?, ?, 207, ?, 538, 869, 1407
877. 15, ?, 41, ?, 67, ?, 93, 106
878. 3, ?, 1, ?, 2, 4, 4, 8, 5, 4, 1, 0, 8
879. 42, -294, 2058, ?, 100842, -705894
880. 16, ?, ?, 11520, 80640, 483840, 2419200
881. 21, ?, 1512, 10584, 63504, 317520
882. 10, 0, 6, ?, 66, 120, 190, 276
883. 49, ?, 43, 40, 37, ?, 31
884. 43, -344, 2752, ?, 176128
885. 45, 85, 15, ?, 61, 25, 50
886. 50, ?, 3600, 25200, 151200, 756000
887. 624, 239, 291, ?, 363
888. 46, 92, ?, 368, 736, 1472
889. 1, ?, -21, -20, -11, ?, 31
890. 46, 48, 35, 06, 53, ?, 58, 26, 58, 23, ?, 42
891. 26, 234, 2106, ?, ?, 1535274, ?, 124357194
892. 3, ?, ?, 103, 156, 259, 415, 674
893. 16, 25, 44, ?, ?, 161, 220, 289
894. 8, ?, 56, 392, 21952, 8605184
895. 7, 21, 63, ?, 567, ?, 5103
896. 01, 09, 27, 50, 40, 30, ?, 04, 51, 21, 00
897. 9, 1, 0, ?, 0, 7, 1, 4, 9, ?, ?, 9, 8, 3, 4, 8, 6
898. -16, -128, -1152, ?, -126720, -1520640, ?, -276756480
899. 39, ?, 1911, ?, ?, 655473, 4588311
900. 3, 10, 30, 300, ?, 2700000
901. 8, 10, 80, 800, ?, 51200000
902. 17, 24, ?, 38, 45, ?, 59, 66
903. 8, 16, 32, ?, 128
904. 10, ?, -24, -41, -58
905. 23, 115, 575, ?, 14375
906. 4, 32, ?, 2880, ?, 380160, 4942080
907. -15, ?, 9, 21, 33, 45
908. 7204, 6982, 0241, ?, 1658
909. 9, ?, 72, 576, 41472, 23887872
910. 37, -185, 925, -4625, ?, -115625
911. 4, ?, 8, 16, 128, 2048, 262144
912. 847, 171, 045, 461, 947, 186, ?, 441, 028
913. 75, 58, ?, 13, 44, 81, 19, 12, 31, 25, 60, 18, 61, 48, ?, 07, 65
914. 21, 42, ?, 168, 336, 672
915. -50, -450, ?, -36450, -328050, -2952450
916. 6, 21, 36, ?, ?, ?, 96
917. 33, 40, ?, 113, 186, 299, ?, 784
918. 413, 239, 817, 116, 384, ?, 494
919. 50, ?, 1250, -6250, 31250, -156250
920. 384, 348, 270, 542, ?, 669, 180, 275, 468
921. 4, 2, 8, 1, 9, 6, 1, ?, 7, ?, 9, 6, 0, 4, 6, 7, 2, ?, 8
922. 213, 184, 489, ?, 127, 962, 167, 510, 808
923. 9, 9, 81, 729, ?, 43046721
924. 22, ?, 53, ?, 137, 221, 358, 579
925. 1, 4, 4, 8, 7, 1, ?, ?, 1, 7, 3, ?, 1, 6, 2, 5, 9
926. 14, ?, 168, 600, 2184, 8088, 30408, 115800, 445704
927. 49, 35, ?, 7, ?, ?, -35
928. 9, 2, 5, 4, 1, 5, ?, ?, 3, 8, 9
929. 7, 7, 4, 9, ?, ?, 3, 1, 6, 8, 0, 7, 5, 7, 6, 4, ?, 0, 1
930. -2, -4, -8, ?, -32
931. 13, 33, ?, 73, 93
932. -10, -15, -20, ?, -30, -35
933. 37, -333, ?, -26973, 242757, ?, 19663317
934. 7, ?, 42, 252, 10584, 2667168
935. 7, 14, 21, 28, ?, 42
936. 122, ?, 231, 248, 258, 265, 712
937. 37, 13, ?, ?, 106, 112, 218, ?, 442
938. 11, ?, 51, 71, 91
939. 50, 57, 60, ?, 54, ?, 32
940. 4, 3, 12, ?, 432, 15552
941. 3, 3, 2, ?, 5, 8, 8, 3, ?, 4, ?, 2, 2, 4, ?, 6, 5, 5, 8, 9, 9, 5, 4
942. 35, 39, 43, 47, ?, 55
943. 19, ?, 55, 73, ?, 109, ?, 145
944. 19, -171, 1539, ?, 124659
945. 6, ?, 49, 350, 17157, 6004957
946. 31, 8, 39, ?, 86, 133, 219
947. 01, 09, ?, 50, 40, 30, 20, 04, 51, 21, 00
948. 23, 115, 575, 2875, ?, 71875
949. 15, 34, 53, ?, 91, 110
950. 36, 42, 78, ?, 198, ?, 516, ?, 1350
951. 92, 03, 39, ?, 82, 94, 52, 05
952. 15, 69, 321, 1509, 7161, 34269, ?, 801429
953. 9, 3, 27, 54, 1458, ?, 4251528
954. -3, -6, -12, ?, -48, -96
955. 7, 3, 5, ?, 2, 8, 8, 1, 1, 3, 1, ?, 7
956. 30, ?, 18, 12, 6, 0
957. 1, ?, 0, 1, 1, 5, ?, ?, 0, 2, 9, 6, ?, 1, 4, 8, 4, ?, 7, 4, 2, 1, 5, 3, 7, 1, 0, 9, 0
958. 48, 96, ?, ?, 768, 1536, 3072
959. 19, 75, 315, 1395, 6435, 30555, 147915, ?, 3581235
960. 6, 1, 4, 2, 2, ?, ?, 3, 8, 4, 6
961. 42, 36, ?, 114, ?, 306, ?, 804, 1302
962. 13, 26, ?, 24, 84, 94, 96, 29
963. 21, ?, -13, ?, -47, ?, -81, -98
964. 6, ?, 5, 6, 0, 6, 9, 2, 7, ?, 2, 8, 5, 1, 1, ?, 0
965. 3, ?, 8, 7, ?, ?, 0, 8, 1, 4, 3, 1, 7, 8, 2, 1, 3
966. 279, 675, 064, 638, ?, 492, 219
967. 23, 32, 41, 50, ?, 68
968. 26, 7, 99, 318, 1251, ?, 17874
969. 16, ?, 144, 432, 1296, 3888, 11664, 34992
970. 11, ?, 35, 47, 59, 71
971. 210, ?, 008, 004, 000
972. 3, ?, -23, -36, -49
973. 34, ?, 850, ?, 21250, -106250, 531250
974. 22, 11, ?, 05, 72, 05, 31, 57, 60, 78, 05
975. 10, 10, -8, -44, -98, -170, ?, -368, -494
976. 33, -297, ?, ?, 216513, -1948617, 17537553
977. 33, 37, 41, ?, 49
978. 5, ?, 0, ?, 1, 1, 8, ?, 1, 8, 7, 1, 1, 2, 2, 1, 1, ?, 3, 6, 7, 3, 8
979. 10, 36, ?, 82, 128, 210, 338
980. 8, 1, 6, 1, ?, 2, ?, 2, 6, 5, 2, 5, 0
981. 38, ?, 74, 110, 185, ?, 482, 779
982. 3, 8, 2, 5, 6, ?, 7, 2, 1, 3, 5, 1, 4, 4, 2, ?, 9, ?, 8, ?, 5, 6, 7
983. 40, 80, 160, ?, 640, ?, 2560
984. 48, 96, 192, ?, 768, 1536, ?, 6144
985. 54, 13, 25, 02, 15, 45, 53, ?, 08, 54, 57, ?, 51
986. 10, -50, 250, -1250, ?, -31250
987. 12, 29, ?, 191, 517, 1439, 4093, 11831, 34597
988. 36, 9, 45, 54, ?, 153, ?, 405
989. -33, -39, -35, -21, ?, ?, 81
990. 39, ?, ?, 19656, 196560, 2162160, 25945920
991. 1, 1, ?, 4, 4, ?, 4, 2, 1, 6, 2, 2, ?, 9, 0, 4, 9, 1, 4
992. 9, ?, 45, 225, 10125, 2278125
993. -38, -114, -342, ?, -3078, ?, -27702
994. -43, ?, ?, -14749, ?, -722701, -5058907
995. 35, ?, ?, 2, 5, 15, 32
996. 31, ?, 1116, 6696, 40176
997. 64, 21, 41, 82, 03, ?, 26
998. 18, 72, 288, ?, 4608, 18432, 73728, 294912, 1179648
999. 4, 36, 360, ?, 47520, ?, 8648640
1000. 6, 8, ?, 192, 9216, 36864
1001. 017, 606, 733, 838, ?, 268, 982