1. 625, 390625
2. 51, 46
3. 20
4. 8, 1, 4, 2
5. 26
6. 4, 5, 9
7. 6, 7, 5, 9
8. 48
9. 10752
10. 1, 4, 1, 2
11. -2880
12. 22
13. 800, 12800
14. 70, 115
15. 847
16. 4, 6
17. 38, 1216
18. 40
19. -54, -68
20. 23
21. -26411, 184877, -1294139
22. 2745
23. 0, 4, 7
24. 36
25. 4, 2, 7, 2
26. 1161
27. 66, 85, 142
28. -50
29. 58
30. 4, -3, -10
31. 2199
32. 2835, 2066715
33. 4096
34. 1440, 190080
35. 6, 7, 2, 8
36. -15
37. 301
38. 26
39. 69
40. 4, 120, 600
41. 69, 66
42. -63
43. 4608
44. 1
45. 120960, 604800
46. 6, 8, 3, 7
47. -250
48. 1, 206
49. -34
50. 24, 159, 257
51. 361
52. 98, 68
53. 1536, 3072
54. 4, 9, 7, 2
55. 50
56. 0, -2, -4
57. 2, 36
58. -368
59. 2, 3, 7, 7
60. 16921
61. 14
62. 49664
63. 5, -31, -49
64. 8, -102
65. 1134
66. 2, 5, 2, 6, 7
67. 1080
68. 213
69. 10
70. 42
71. 301
72. 3136
73. 45, 43, 42
74. 71
75. 65219
76. 8, 136, 360
77. -9
78. 90
79. -23
80. 58, 100, 128
81. 20
82. -11, 56
83. 211
84. 0
85. 49
86. 27
87. 36, 22, 01
88. 52
89. 476
90. -14
91. 27702
92. 21, 17
93. 2, 4, 7
94. 74
95. 16
96. 25
97. 26
98. 5544
99. -23
100. 63
101. 78
102. 5000
103. 350
104. 464, -29696
105. 19
106. 87835
107. 18, 60, 162
108. 19, 25
109. 65
110. 0, 7
111. 448
112. 112, 784, 268912
113. 29
114. 132
115. 21
116. 00
117. -524288, 4194304
118. 1410
119. -157464, -1417176, -12754584
120. 4, 6, 2, 4, 2
121. -86, -100, -114
122. 56, 43
123. 13824
124. 266, 1862
125. 08, 81
126. 110
127. 61
128. 00
129. 6120
130. 159, 408, 657
131. 60, 180
132. -1911
133. 368
134. 7
135. -7, 15, 48
136. 24
137. 8, 1, 1, 3, 3
138. 1125
139. 0, 8, 9, 8
140. 517
141. 61, 73, 85
142. -6, -51, -66
143. 94
144. 323
145. 0, -5
146. 0, 1, 0, 7, 0, 8, 7
147. 686
148. 388080
149. -546
150. 2, 4, 9, 4
151. 160, 480
152. 4701
153. 0, 2, 0
154. 120
155. 71, 72
156. 324
157. 91
158. 3, 6, 7
159. 2, 4, 0, 6
160. 1025
161. 75
162. 199
163. 74
164. 14
165. 4, 1, 8, 2
166. 18
167. 59049
168. 135, 359
169. 2, 2, 0, 1
170. 3
171. 1, 9, 8, 4
172. 24
173. 1536, 6144
174. 0913
175. 54, 60
176. 48, 12288
177. -60, -30284100
178. 5, 1, 1
179. -56
180. 4
181. 48
182. -7200, -79200
183. 140, 6860
184. 29, 49, 54
185. -250
186. 77
187. 2388
188. -40, -45
189. 34, 14
190. 18, 28
191. 680
192. -10
193. 13
194. 1024, 16384
195. 54
196. 73
197. 96, 248
198. 23, 57
199. 1554, 12432
200. 28
201. 30
202. 0, 8, 6, 6
203. 128
204. 01680
205. 6777
206. -34, -27
207. 3, 1, 4, 9
208. 3, 66430125
209. 1, 0, 2, 1
210. 524
211. 7312
212. 501
213. 80, 207
214. 46
215. -46
216. -51, -93
217. -14, 36
218. 45
219. 108
220. 91, 2730
221. -19683, -177147
222. 440
223. 88, 52
224. 195
225. 16, 3, -10
226. 5949
227. 105
228. 15
229. 78, 89
230. 768
231. 152
232. 288
233. -81, -729, -19683
234. 3675
235. 089
236. -96
237. 23, 20, 17
238. 28, 134
239. -68
240. 1050, 26250, 656250
241. 78
242. 108
243. 13, 9
244. 84
245. 55
246. 17150
247. 48
248. -324
249. 1, 3, 4
250. 53, 64
251. 42, 91
252. 60, 76
253. 240, -2160
254. 28, 30, 88
255. 6, 1, 0, 9
256. -87
257. -28, -40
258. 86, 99, 112
259. 2
260. 1111
261. -30, -450
262. 2107
263. 17, -145
264. 5184
265. 707
266. 7, 3, 0, 1
267. 17
268. 400
269. 77
270. 42, 160
271. 8, 9, 0, 1, 0
272. 270, 420
273. -20
274. 7
275. 87, 28
276. 40, 70, 290
277. 213
278. 3360, 16800
279. -5, 1
280. 10347
281. 30, 104, 275
282. 918
283. 1323, 64827, -453789
284. 0, 4, 6, 6, 8
285. 384
286. 105
287. -29
288. 1, 2, 3, 0
289. 3, 3, 5, 7
290. 8
291. 1, 9, 7, 2
292. 1080
293. 375
294. 3096, 4086720
295. 54
296. -22
297. 3, 0, 0, 4
298. 69
299. -1, -21
300. 100
301. 104
302. 18432
303. 11979
304. 0, 6, 1, 2
305. 18
306. -56
307. 4, 6, 1, 5
308. 55, 12
309. -972
310. 3456, 725760
311. 44, 46, 50
312. 2, 4
313. 343
314. -7, -82
315. 15, 4
316. 196
317. 61, 61
318. 5488
319. 864
320. 154
321. 26, 16, 6
322. 37
323. 67, 91, 249
324. 6656
325. 2016, 18144
326. 122, 196, 832
327. 0, 0, 8, 7
328. 02
329. 2526
330. 2, 3
331. 312
332. 11, 161
333. 21812
334. -72, 15552
335. -46
336. 5888
337. 1, 8, 3
338. 29, 89
339. -1000, 125000
340. -16
341. 15120, 1360800
342. 175
343. 33
344. 1068
345. 61, 32
346. 6, 6, 5, 1
347. 4128
348. 7, 0, 3, 4, 7
349. 9728
350. 18
351. 224, 26880
352. 46, 54, 66
353. 36
354. -1, -24
355. 38, 77
356. 98
357. -29, -21
358. 3
359. 45, 58
360. 360
361. 11, 7
362. 18, 13
363. 843
364. 23, 44
365. 2520, 15120
366. 192, 768
367. 890
368. 7
369. 5
370. 86
371. 1, 2, 3
372. 39, 412
373. 169, 277
374. 2, 0, 9, 4
375. 10, 00
376. -35, -875, 4375
377. 21
378. -5
379. 80, 88
380. 74
381. 27
382. 15840
383. 18591
384. 99
385. -322, -231840
386. 3, 2
387. 015
388. 13034
389. 75, 200, 525
390. -56, -66
391. 436
392. 1, 6, 0, 1
393. 73728
394. 128
395. 1891
396. 20, 84
397. 28
398. 50
399. 54, 81
400. 63
401. 96, 864, 2592
402. 256
403. 11
404. 1, 0
405. 221
406. 9947
407. 113
408. 11
409. 806
410. 60
411. 035
412. 12
413. 91, 88
414. 640
415. 1, 0, 4
416. -31, -45
417. 1, 1, 2, 7
418. 36
419. 2250
420. 17
421. 24704
422. 36, 48
423. -6, -12
424. 120
425. 392
426. 71
427. 12500
428. 78
429. 59616
430. 38, 182, 292
431. 11858
432. 43
433. 54
434. 1152, 18432
435. 576, 5760
436. 1150, -5750, 28750
437. 26640
438. 0, 1, 2, 2
439. 60
440. 18
441. -56, -112
442. -111
443. 28, 16
444. 17
445. -540, -1620, -4860
446. 18
447. 37
448. -2880, -184320
449. 800
450. 59
451. 27
452. 2037
453. 355
454. 10, 46
455. -35
456. 1, 2, 5, 0
457. 56
458. 8121
459. 210, 15120
460. 7, 7
461. -13, 8
462. 510
463. 7
464. 616
465. -314928
466. 72, 15
467. 4, 2, 0, 1
468. 37
469. 5751
470. 28
471. 40, 68
472. 376, 1504
473. -36, -47
474. 950
475. 38, 61
476. 056
477. 8, 7, 1
478. 5, 3, 2, 8, 0, 5, 0
479. 256, 1024
480. 72
481. 55
482. 331
483. 21
484. 60, 120
485. -441, -3528
486. 13441
487. 202
488. -342, 249318
489. 188, 752
490. -102
491. 8, 4
492. 40
493. 243, 6561
494. -33, -25, -17
495. 80, 160
496. 11
497. 24, 44, 64
498. 72, 87, 102
499. 61, 95, 129
500. 252
501. 39
502. 11
503. 30, -18, -30
504. -16384
505. 632
506. 184
507. -3600, -4752000
508. 0, 1, 3
509. -26
510. -384
511. 2, 5, 0, 1
512. 43, 49325, 1690375
513. -135
514. 6, 3, 0
515. 6, 2, 8
516. 7
517. 51, 66, 96
518. 221
519. -17, -19, -21
520. 93
521. 576
522. -7546
523. 06
524. 1, 8, 9, 5
525. 35280
526. 482
527. 116, 464
528. 109
529. 100, 200, 400
530. 109
531. 3564, 2598156
532. 2700, 29700
533. 1, 9, 6, 7
534. 8, 32
535. -21141
536. -24, -36
537. -26
538. 1, 0, 1, 9
539. 54
540. -46, -16
541. 7, 1, 3
542. 7, 8, 7, 0, 8
543. 30
544. 56, 88, 104
545. -2916, 26244
546. 21, 145
547. 26
548. 1, 9, 6, 8, 3, 3, 6
549. 927
550. 34
551. 234
552. 224
553. 9
554. 0, 4, 0, 0
555. 5, 5, 4, 3
556. -124, 7936, -31744
557. 13, -103
558. -35
559. 7, 4, 6, 8
560. 96, 14
561. -11, -45, -62
562. -54
563. 113
564. -6517
565. 58
566. 405
567. 307
568. 20, 36
569. 84
570. 55, 85, 115
571. 12096
572. 63, 265, 694
573. -864, 186624
574. -414
575. -143
576. 99
577. 300
578. 8
579. 1458
580. -300, -1800, -64800
581. 640
582. -1, -29
583. 5, 51, 209
584. 1, 5, 2, 5, 0
585. 32
586. 105, 144
587. 2, 1, 7, 2
588. 175
589. 89, 19
590. 1044
591. 1, 3, 8, 1
592. 10, 6
593. -36
594. 280
595. -51, -123
596. 8, 5, 1, 6
597. -8
598. 4415
599. 92
600. 12801
601. 1904
602. 144, 17280
603. 5048
604. 234, 1535274
605. 750, 18000
606. 168
607. 828, 29808, 178848
608. 72900
609. 8
610. 13, 34, 70
611. 14, 211, 347
612. -8, -11, -20
613. 292
614. 56, 392, 2744
615. 73, 112
616. 84, 45
617. 40, 56
618. -192
619. 18125
620. 35, 45
621. 6125
622. 875
623. 4, 1
624. -104
625. 286
626. -33
627. 323
628. 220
629. 4, 0, 1, 0
630. 81
631. 52
632. 729
633. 128
634. 93744, 468720
635. 45, 53, 69
636. 35, 199
637. 88
638. 210
639. 53, 48
640. 19845
641. 312, 2496, 1277952
642. 8
643. 6, 4
644. 200, 1600, 819200
645. 18
646. 38
647. -8, -34, -60
648. 31
649. 36, 33
650. -5
651. 124, 316
652. 54, 14
653. 40817
654. 99792, 997920
655. 761
656. 72, 576
657. -16038
658. 0400
659. 44, 124
660. 1, 2, 2
661. -1656, -9936, -59616
662. 548
663. -148, -37888
664. -864
665. 4, 6, 1, 1, 8
666. 26244
667. 64, 512
668. 5, 4, 0, 1
669. -45
670. 38416
671. 1, 1, 3
672. 27, 55
673. 13122
674. 704, 11264
675. -432
676. 1, 4, 3
677. 396
678. 09
679. -16, -28
680. 900
681. 26
682. 6, 3, 6
683. 0, 4, 2
684. 139968, 839808
685. 6, 4, 2, 6
686. 2, 7, 1
687. 309
688. 272, 1088, 2176
689. -14
690. 58, 43
691. 170586, 1535274
692. 27
693. 8, 1
694. 140
695. 48
696. 61
697. 195, 589680
698. 8, 6, 2, 0, 1, 7, 6
699. 16, 37
700. -4
701. 8
702. -27, -41
703. 28, -9604
704. 1053
705. 3, 1, 3, 4
706. 46, 72, 12960
707. -200
708. 41
709. 320
710. 6
711. 214
712. 168
713. 2, 2, 6, 4, 0
714. 075
715. 39, 17
716. 45, 81
717. 15, 45
718. 6111
719. 28
720. 1, 7, 7
721. 29, 121, 200
722. 190
723. 2187
724. 58
725. -9936, -59616
726. 12
727. 23293
728. 280
729. 9
730. 116, -118784
731. 25088
732. 49
733. 15, 96
734. 11, 7
735. 38, 36
736. -5632, 2883584
737. 15
738. 722808
739. 3
740. 16000
741. 8750
742. 109, 276
743. 13
744. 168, 2823576
745. 42, 3024
746. 4791
747. 28
748. 9, 0, 0, 8
749. 13
750. 47, 54
751. 48
752. -39, -47
753. 180, 4500
754. 174
755. 104
756. 7335
757. 4, -49
758. 1200
759. 2, 1, 6, 4, 0, 1, 7
760. 80
761. 25
762. -32
763. 100000
764. 5, 6, 5, 1
765. 1, 5, 7, 9
766. 3, 4
767. 3, 9, 7, 4
768. 43, 46
769. 7047
770. 620
771. -3, 38
772. 155
773. 3, 5, 2, 2
774. 196, 392
775. 47, 89
776. 1, 9
777. 985
778. 76
779. 42
780. 87
781. 4
782. 207
783. 78
784. 136
785. 15
786. 28
787. 133, 569
788. 75
789. -1125, -28125
790. 97
791. 42, 92, 192
792. 4, 0, 1, 2
793. 616
794. 9000, 18000
795. 10
796. 5887
797. 2, 20, 58
798. -14
799. 2303
800. 3
801. 1, 8, 0, 0
802. 8364
803. 50
804. 86, 221
805. 126
806. 541
807. 1152
808. 1421
809. 365
810. 43
811. 10
812. 30
813. 252
814. 44
815. 175
816. 61, 174, 287
817. -5880, -35280
818. 62
819. 048
820. 99, 153
821. 383
822. 9, 3, 7, 6
823. 1, 2, 4
824. -68
825. -62, -110
826. 33779
827. 7
828. -2187
829. 75, 144
830. 28, 1, -8
831. 22
832. 38, 60, 158
833. 40, 27
834. -6480, 38880
835. -27
836. 118
837. 94
838. 45, 71
839. 146381
840. 14, -4, -76
841. 17, 21
842. 24
843. -49, -51, -52
844. -41
845. 41
846. 8, -33
847. 2
848. -3, -13
849. 26, 50, 76
850. 576, 20736
851. 13
852. 41, 77
853. 36
854. 53, 65, 101
855. 2752
856. 60
857. 21, 71
858. 2, 3
859. 2352
860. 112
861. 9223
862. 5
863. -2
864. 250
865. -17, -72
866. 207, 2070
867. 66
868. 1240, 29216, 141120
869. 3, 9
870. 31, -38
871. 89, 11
872. 55
873. 111
874. 602
875. 0525
876. 37, 98
877. 1, 4, 6, 2
878. 7, 7, 7, 7
879. 25, 42, 76
880. 133100
881. 2
882. 14
883. -32, -41
884. 803
885. 72
886. 48
887. 8, -115
888. -10, -26, -74
889. 285
890. 616
891. 112, 1792, -7168
892. 37, -103
893. -6
894. 288
895. 533
896. 224, 3584
897. -91
898. -3, -1
899. 9, 1, 2, 1
900. 86, 14
901. 2088, 2756160
902. 57, 24
903. -46
904. 104, 281
905. 14
906. 700, -3500
907. 19, 9, -31
908. 24
909. 146
910. 124
911. -64
912. 110
913. 88, 575
914. 58
915. 1, 1, 9, 2
916. 92, -368, -5888
917. 48, 44
918. 50
919. 3686
920. 384
921. 10
922. 11
923. 9, 5, 1
924. 1100, 27500
925. 1920, 15360, 983040
926. 300
927. 39
928. 5
929. 5, 7, 9
930. 7866
931. 8, 51, 279
932. 25
933. 54165
934. 33, 78, 117
935. -245
936. 19
937. -344, -2752
938. 22
939. 400
940. -29
941. 4, 112
942. 215
943. 175
944. 56
945. 3, 28
946. -8856
947. -27, -22
948. 41
949. 48, 08
950. 40
951. -62, -93
952. -68
953. 18
954. 54, 63
955. -784, -12544, -200704
956. 0, 10, 40
957. 24, 648, 1944
958. 43, 39
959. -22770, -3552120
960. 41
961. 38, 208, 870
962. 8704
963. 73, 303
964. 6, 7, 9
965. 14081
966. -329, 2303
967. 5, 3, 4, 2, 1
968. 80
969. 3382
970. 1, 1, 1, 4
971. -129, 13545
972. 10, 44
973. 13
974. 15, -9, -21
975. 100, 117, 134
976. -28
977. 6127
978. -5, -36
979. 7504
980. -960
981. 170
982. 3, 1, 1
983. -2
984. 3375
985. -42, -82, -102
986. 24
987. 32
988. 45
989. 74, 113
990. -168, 1176
991. 24
992. 3
993. 29, 38, 47
994. 56242
995. 2508
996. 10
997. 407
998. 0366
999. 336
1000. 4, 1, 8, 8
